-1.723412096316880193e+00
-1.706091371730780848e+00
-1.688770647144681503e+00
-1.671449922558582157e+00
-1.654129197972483034e+00
-1.636808473386383689e+00
-1.619487748800284344e+00
-1.602167024214184998e+00
-1.584846299628085875e+00
-1.567525575041986530e+00
-1.550204850455887184e+00
-1.532884125869787839e+00
-1.515563401283688494e+00
-1.498242676697589371e+00
-1.480921952111490025e+00
-1.463601227525390680e+00
-1.446280502939291335e+00
-1.428959778353191989e+00
-1.411639053767092866e+00
-1.394318329180993521e+00
-1.376997604594894176e+00
-1.359676880008794830e+00
-1.342356155422695707e+00
-1.325035430836596362e+00
-1.307714706250497017e+00
-1.290393981664397671e+00
-1.273073257078298326e+00
-1.255752532492199203e+00
-1.238431807906099857e+00
-1.221111083320000512e+00
-1.203790358733901167e+00
-1.186469634147802044e+00
-1.169148909561702698e+00
-1.151828184975603353e+00
-1.134507460389504008e+00
-1.117186735803404662e+00
-1.099866011217305539e+00
-1.082545286631206194e+00
-1.065224562045106849e+00
-1.047903837459007503e+00
-1.030583112872908158e+00
-1.013262388286809035e+00
-9.959416637007096895e-01
-9.786209391146103442e-01
-9.613002145285109989e-01
-9.439794899424116537e-01
-9.266587653563125304e-01
-9.093380407702131851e-01
-8.920173161841139509e-01
-8.746965915980144946e-01
-8.573758670119153713e-01
-8.400551424258160260e-01
-8.227344178397165697e-01
-8.054136932536174465e-01
-7.880929686675179902e-01
-7.707722440814186449e-01
-7.534515194953195216e-01
-7.361307949092200653e-01
-7.188100703231209421e-01
-7.014893457370214858e-01
-6.841686211509222515e-01
-6.668478965648230172e-01
-6.495271719787235609e-01
-6.322064473926244377e-01
-6.148857228065249814e-01
-5.975649982204257471e-01
-5.802442736343266239e-01
-5.629235490482271675e-01
-5.456028244621279333e-01
-5.282820998760285880e-01
-5.109613752899292427e-01
-4.936406507038301195e-01
-4.763199261177306632e-01
-4.589992015316314844e-01
-4.416784769455320281e-01
-4.243577523594327383e-01
-4.070370277733336151e-01
-3.897163031872341588e-01
-3.723955786011347024e-01
-3.550748540150355792e-01
-3.377541294289361229e-01
-3.204334048428371107e-01
-3.031126802567378209e-01
-2.857919556706382536e-01
-2.684712310845392413e-01
-2.511505064984396185e-01
-2.338297819123406618e-01
-2.165090573262410389e-01
-1.991883327401417492e-01
-1.818676081540427647e-01
-1.645468835679431696e-01
-1.472261589818441851e-01
-1.299054343957448676e-01
-1.125847098096452725e-01
-9.526398522354628806e-02
-7.794326063744667910e-02
-6.062253605134768769e-02
-4.330181146524808566e-02
-2.598108687914879242e-02
-8.660362293049801014e-03
8.660362293049495702e-03
2.598108687914879242e-02
4.330181146524808566e-02
6.062253605134768769e-02
7.794326063744698441e-02
9.526398522354598275e-02
1.125847098096452725e-01
1.299054343957448676e-01
1.472261589818441851e-01
1.645468835679434749e-01
1.818676081540427647e-01
1.991883327401417492e-01
2.165090573262410389e-01
2.338297819123406618e-01
2.511505064984399516e-01
2.684712310845392413e-01
2.857919556706382536e-01
3.031126802567378209e-01
3.204334048428371107e-01
3.377541294289364560e-01
3.550748540150357457e-01
3.723955786011347024e-01
3.897163031872339922e-01
4.070370277733336151e-01
4.243577523594329048e-01
4.416784769455321946e-01
4.589992015316312068e-01
4.763199261177307742e-01
4.936406507038301195e-01
5.109613752899293537e-01
5.282820998760286990e-01
5.456028244621277112e-01
5.629235490482269455e-01
5.802442736343266239e-01
5.975649982204258581e-01
6.148857228065252034e-01
6.322064473926242156e-01
6.495271719787237830e-01
6.668478965648230172e-01
6.841686211509223625e-01
7.014893457370217078e-01
7.188100703231206090e-01
7.361307949092199543e-01
7.534515194953195216e-01
7.707722440814188669e-01
7.880929686675181012e-01
8.054136932536171134e-01
8.227344178397166807e-01
8.400551424258160260e-01
8.573758670119153713e-01
8.746965915980146056e-01
8.920173161841139509e-01
9.093380407702128521e-01
9.266587653563125304e-01
9.439794899424117647e-01
9.613002145285111100e-01
9.786209391146106773e-01
9.959416637007096895e-01
1.013262388286809035e+00
1.030583112872908380e+00
1.047903837459007947e+00
1.065224562045106849e+00
1.082545286631205972e+00
1.099866011217305539e+00
1.117186735803404440e+00
1.134507460389504008e+00
1.151828184975603575e+00
1.169148909561702698e+00
1.186469634147801600e+00
1.203790358733901167e+00
1.221111083320000956e+00
1.238431807906099857e+00
1.255752532492198759e+00
1.273073257078298326e+00
1.290393981664398115e+00
1.307714706250497017e+00
1.325035430836596584e+00
1.342356155422695707e+00
1.359676880008794608e+00
1.376997604594894176e+00
1.394318329180993743e+00
1.411639053767092866e+00
1.428959778353191767e+00
1.446280502939291335e+00
1.463601227525390458e+00
1.480921952111490025e+00
1.498242676697589593e+00
1.515563401283688494e+00
1.532884125869787617e+00
1.550204850455887184e+00
1.567525575041986752e+00
1.584846299628085875e+00
1.602167024214184776e+00
1.619487748800284344e+00
1.636808473386383911e+00
1.654129197972483034e+00
1.671449922558582601e+00
1.688770647144681503e+00
1.706091371730780626e+00
1.723412096316880193e+00
