3.152266682454595514e+00
3.170776951339149718e+00
3.190851032257250974e+00
3.212196695083661346e+00
3.234255151272387607e+00
3.256589916394631246e+00
3.278855785458225203e+00
3.300859160051246910e+00
3.322520936607234798e+00
3.343661600338363460e+00
3.363812767591582098e+00
3.382840683021129280e+00
3.400534057519260411e+00
3.416623062874356354e+00
3.430822489905124950e+00
3.442783919456106734e+00
3.452218615523590550e+00
3.458902733139902264e+00
3.462635936405834780e+00
3.463237055121306085e+00
3.460692426860228821e+00
3.455188226447189592e+00
3.447054848711409658e+00
3.436756980984370546e+00
3.424905565021942433e+00
3.412167978402051105e+00
3.399310347890744932e+00
3.387124084075271657e+00
3.376375132720405237e+00
3.367007422504808112e+00
3.356757674557325988e+00
3.345292402703619050e+00
3.332794802689212244e+00
3.319341077933815498e+00
3.304930736428535631e+00
3.289585223078709042e+00
3.273411575282085373e+00
3.256640161615372620e+00
3.239501498864106654e+00
3.222166886405878561e+00
3.204798510544010881e+00
3.187576892013085583e+00
3.170642752653651364e+00
3.154108099275963362e+00
3.138119107246257755e+00
3.122816121963520875e+00
3.108376797849738971e+00
3.095007496736774222e+00
3.082854483198267381e+00
3.071653181091269502e+00
3.060251061531893413e+00
3.048847184459020809e+00
3.037647706886147603e+00
3.026755220965682724e+00
3.016220061213668036e+00
3.006017213277396571e+00
2.996118052641599139e+00
2.986478951925790160e+00
2.976990588371791979e+00
2.967326928612841641e+00
2.956865433909782404e+00
2.945813927559786549e+00
2.936156444855167358e+00
2.928196339811985016e+00
2.921811785553350305e+00
2.916901464531544530e+00
2.913343352253959573e+00
2.911015359920130496e+00
2.909772593669916585e+00
2.909492206428108130e+00
2.910097351680780431e+00
2.911489523212380526e+00
2.913575305515724523e+00
2.916271776127227433e+00
2.919469826712319804e+00
2.923051338209335714e+00
2.926938548491521352e+00
2.931073111150906296e+00
2.935378568146177702e+00
2.939781130197395065e+00
2.944217753877362842e+00
2.948499980232467177e+00
2.952814979302058607e+00
2.956905707491883195e+00
2.960688740469441971e+00
2.964057328427477600e+00
2.966949744648243126e+00
2.969418426535719746e+00
2.971629369173510060e+00
2.973792589445013679e+00
2.976125494545061478e+00
2.978859097794011923e+00
2.982219505049747088e+00
2.986418435507685931e+00
2.991629858821265309e+00
2.997975175794922009e+00
3.005479515710429261e+00
3.014061609405687125e+00
3.023531576980114988e+00
3.033753046686284982e+00
3.044594985201488857e+00
3.055855482352774821e+00
3.067402913645861595e+00
3.078780382030738672e+00
3.089529940922980611e+00
3.099168622282156615e+00
3.107225745798388949e+00
3.113252160500599608e+00
3.116840690358039012e+00
3.117607849245962459e+00
3.115361555413655115e+00
3.110016919302256877e+00
3.101532049448720407e+00
3.089918307265476560e+00
3.075352387998896209e+00
3.058137969424215896e+00
3.038711363883893846e+00
3.017614274402390162e+00
2.995488649769997291e+00
2.973016721920136884e+00
2.950800853776648136e+00
2.929355688682560022e+00
2.909015704042022588e+00
2.889965256245484504e+00
2.872259496077355312e+00
2.855946118211878382e+00
2.841035760612784511e+00
2.827499562778762687e+00
2.815282988252369556e+00
2.804353761348662211e+00
2.794672398211540898e+00
2.786178034239921608e+00
2.778876707580498095e+00
2.772822187338650934e+00
2.768037779128545761e+00
2.764604241925568751e+00
2.762607139549298818e+00
2.762115934007083329e+00
2.763222132579309154e+00
2.765886530459292558e+00
2.770029447828405988e+00
2.775464830012548401e+00
2.782033213298070962e+00
2.789583850809552068e+00
2.797917404777568784e+00
2.806855417129761943e+00
2.816298964789491599e+00
2.826223923062177068e+00
2.836600672714777893e+00
2.847376933484687456e+00
2.858506525250421149e+00
2.869967110151895540e+00
2.881760872435016108e+00
2.893825845492979276e+00
2.906070388849443464e+00
2.918411006461299362e+00
2.930776173238759608e+00
2.943125479297581393e+00
2.955514293810628690e+00
2.968070816403591827e+00
2.980974460616612642e+00
2.994412977162979494e+00
3.008568820427975687e+00
3.023578681367723675e+00
3.039586420634525332e+00
3.056732448290118587e+00
3.075141473365309963e+00
3.094879029109502522e+00
3.115900630158033202e+00
3.138120872924814897e+00
3.161532146006221122e+00
3.186186818239866270e+00
3.212122789244812981e+00
3.239318929989803308e+00
3.267657466823914003e+00
3.296888941154979324e+00
3.326577516114683331e+00
3.356265179818759492e+00
3.385437846919995941e+00
3.413489259052017832e+00
3.439810935288061255e+00
3.463776617654556134e+00
3.484997948231915998e+00
3.503208081871579616e+00
3.518186179274288339e+00
3.530091679310128683e+00
3.539434122585028764e+00
3.546767946694826534e+00
3.552720648717817120e+00
3.557680849286953162e+00
3.561757235347162265e+00
3.564481444157527879e+00
3.565103504186381667e+00
3.562865150034058903e+00
3.557317891588792858e+00
3.548029012168908203e+00
3.534774904074222235e+00
3.517822784245429713e+00
3.498114483294464172e+00
3.476929341108645932e+00
