3.025447806376687421e+00
3.041222552518191069e+00
3.058103408229821074e+00
3.076107713805004806e+00
3.095026879896786820e+00
3.114723750713946693e+00
3.135100483730171472e+00
3.156135186852310426e+00
3.177834853032555085e+00
3.200048843684068167e+00
3.222391954619294729e+00
3.244727439569423666e+00
3.266799966559416291e+00
3.288298736606903638e+00
3.308936135411742807e+00
3.328409631849132744e+00
3.346463902679221114e+00
3.362856526792897149e+00
3.377324185345521812e+00
3.389609906022251540e+00
3.399604593218309212e+00
3.407388352487791927e+00
3.413197195639587900e+00
3.417397790229147692e+00
3.420483744977531604e+00
3.422987349236398469e+00
3.425501221501654925e+00
3.428640229031801212e+00
3.433023103707599777e+00
3.438473789836946626e+00
3.442613421439090882e+00
3.445060566116092016e+00
3.446012316667376840e+00
3.445596873886010325e+00
3.443899481288955844e+00
3.441021593892412689e+00
3.437113595790085352e+00
3.432396459289517754e+00
3.427084430242328228e+00
3.421340029484347678e+00
3.415304484857884404e+00
3.409118017161578695e+00
3.402885667309382800e+00
3.396684457736742324e+00
3.390603440040680372e+00
3.384725305940907703e+00
3.379162770579881236e+00
3.374059001118961287e+00
3.369481961892400346e+00
3.365030786221653525e+00
3.359537692360244687e+00
3.353044981179490680e+00
3.345739151645595211e+00
3.337748704287616164e+00
3.329172341526129397e+00
3.320066371963358520e+00
3.310484112276358193e+00
3.300469704593883780e+00
3.290030383732768460e+00
3.279053733436065876e+00
3.267263994528657900e+00
3.254857826142548483e+00
3.243050698627624850e+00
3.232055599884361197e+00
3.221845595585421052e+00
3.212411572579608077e+00
3.203734521450929851e+00
3.195798823079211370e+00
3.188580281684697759e+00
3.182071857101376189e+00
3.176302499338363283e+00
3.171302526712656444e+00
3.167115506077786247e+00
3.163797723523986249e+00
3.161400057590506130e+00
3.159981800406721941e+00
3.159637405939477173e+00
3.160481473712751121e+00
3.162626142627368964e+00
3.166191188851326999e+00
3.171308733907336475e+00
3.178188261293218186e+00
3.187640466918516324e+00
3.199477157601819943e+00
3.213540856528195100e+00
3.229695093114633320e+00
3.247803156913580125e+00
3.267775775515783465e+00
3.289595635197545498e+00
3.313278675526182937e+00
3.338832343918052281e+00
3.366265409925917051e+00
3.395561288371844455e+00
3.426661811890290288e+00
3.459460279877329292e+00
3.493794347629836317e+00
3.529410420125349113e+00
3.565952235010574789e+00
3.602976652751115338e+00
3.640069559434270019e+00
3.676822978367516814e+00
3.712799231240717646e+00
3.747619631083018987e+00
3.780619839087992595e+00
3.811080976168919054e+00
3.838243780427193386e+00
3.861374689569562424e+00
3.879786501598616155e+00
3.892859906495947708e+00
3.900036182276406027e+00
3.900933224621043749e+00
3.895310296776336223e+00
3.883044035345772027e+00
3.864145603631062187e+00
3.838827573728170073e+00
3.807480068267877549e+00
3.770702281810982104e+00
3.729283390526672903e+00
3.684138102914481294e+00
3.636250490289604009e+00
3.586599982323403601e+00
3.536112324856361955e+00
3.485562832291445812e+00
3.435595473783206177e+00
3.386713964023720269e+00
3.339373245625630648e+00
3.293960978444876453e+00
3.250790379901948413e+00
3.210096250557558761e+00
3.172057732735850788e+00
3.136780283712402806e+00
3.104278209128311872e+00
3.074559856369574184e+00
3.047627983467454893e+00
3.023432027027826319e+00
3.001945323502527518e+00
2.983120717560287627e+00
2.966896368677614859e+00
2.953236389178760746e+00
2.942009011976296939e+00
2.933029278001241469e+00
2.926093911360409194e+00
2.921029531244514477e+00
2.917660601855074809e+00
2.915768197348167057e+00
2.915156510621111252e+00
2.915700112522915610e+00
2.917327223497906186e+00
2.919947711262481427e+00
2.923446602890306334e+00
2.927711795033399067e+00
2.932644530927277060e+00
2.938162437411815375e+00
2.944137508291578609e+00
2.950407877588815619e+00
2.956800465867747363e+00
2.963146653194627334e+00
2.969312863230276989e+00
2.975268922883206990e+00
2.981063595840160119e+00
2.986795670075937270e+00
2.992577292609851725e+00
2.998517593603692966e+00
3.004691122963533356e+00
3.011193774433604364e+00
3.018146570712434418e+00
3.025683265209329953e+00
3.033897594127783925e+00
3.042806701341832731e+00
3.052415108067539684e+00
3.062814215502380311e+00
3.074173118866293741e+00
3.086677049108789817e+00
3.100475400322409758e+00
3.115650806896654412e+00
3.132211767352570675e+00
3.150043588426186147e+00
3.169044365255743401e+00
3.189106087181641236e+00
3.210065759841378874e+00
3.231733647848069158e+00
3.253856900749889203e+00
3.276298490976391253e+00
3.298930006755460997e+00
3.321580797825248510e+00
3.344295118079372298e+00
3.367283919951265858e+00
3.390692674349870650e+00
3.414628997546264699e+00
3.438973972501767395e+00
3.463393486605811589e+00
3.487121538745270755e+00
3.509226753015632916e+00
3.528842402647287990e+00
3.545342138755623207e+00
3.558172503841639411e+00
3.567037385085442214e+00
3.572080396737383090e+00
3.573962091410768149e+00
3.573618870745446152e+00
