1.522298779732581409e+01
1.538532702831252941e+01
1.555918903502519157e+01
1.574092619592616771e+01
1.592550874286273377e+01
1.610873794180105634e+01
1.628680283486679414e+01
1.645707670364259911e+01
1.661777867103208806e+01
1.676846103084867678e+01
1.691286043769313352e+01
1.705127232721535080e+01
1.718148722860049205e+01
1.730074107312786325e+01
1.740601012376939494e+01
1.749377899300267813e+01
1.756118384407378485e+01
1.760640148031503571e+01
1.762817391914509813e+01
1.762582401474006133e+01
1.759971387737314075e+01
1.755159359926611273e+01
1.748413834129912203e+01
1.740092076022651213e+01
1.730645302153359211e+01
1.720540692346550316e+01
1.710330107518536380e+01
1.700564074023661831e+01
1.691727691849463611e+01
1.683791455822821703e+01
1.675618064329576384e+01
1.667141459796581415e+01
1.658496086863017993e+01
1.649719978021672873e+01
1.640788410691256161e+01
1.631689717383269311e+01
1.622486525936616886e+01
1.613339411407319091e+01
1.604414749069403001e+01
1.595850911061658195e+01
1.587797447431534970e+01
1.580429020855691746e+01
1.573901675530263944e+01
1.568362910635403651e+01
1.563991924864821570e+01
1.560963864205659135e+01
1.559465433062047346e+01
1.559700195180560733e+01
1.561914915825576244e+01
1.566292462479886538e+01
1.572616003667311801e+01
1.581272561826511591e+01
1.592419347770292504e+01
1.606088545809840440e+01
1.622274470756284614e+01
1.640910152879543915e+01
1.661915613726710816e+01
1.685187629305176671e+01
1.710535480541171438e+01
1.737519021023288346e+01
1.765439498322552225e+01
1.794463517702562072e+01
1.826539781898942394e+01
1.862190574231453155e+01
1.901435254350260351e+01
1.944299613282514372e+01
1.990782452977282446e+01
2.040859381545235962e+01
2.094439718996385480e+01
2.151371443499469649e+01
2.211524322104678220e+01
2.274684269465859643e+01
2.340585127477467609e+01
2.408781689278027471e+01
2.478736940989748661e+01
2.549835774763250740e+01
2.621312939551289034e+01
2.692275714020932753e+01
2.761685165713899082e+01
2.828411540693138448e+01
2.891192713943227943e+01
2.948360663225169276e+01
2.998785147361977010e+01
3.040829732143872377e+01
3.073379060175186339e+01
3.095463369245137741e+01
3.106469118339519753e+01
3.106273494532071311e+01
3.095435112970429969e+01
3.074808727800379771e+01
3.045431046083968241e+01
3.008452167932021837e+01
2.965273107553077381e+01
2.917488593972532840e+01
2.866614251314336670e+01
2.814090469844067144e+01
2.761202474936544249e+01
2.709004990286907599e+01
2.658289778655910496e+01
2.609967802783850743e+01
2.564744632652379863e+01
2.523266551136899949e+01
2.486039394759357180e+01
2.453068302544061652e+01
2.424403697779667510e+01
2.400071617644020705e+01
2.379866589896941775e+01
2.363412920934999306e+01
2.350414244728670354e+01
2.340429297656731933e+01
2.333275543236661775e+01
2.328919166246793537e+01
2.327351500924122973e+01
2.328426689252816928e+01
2.332265095704401858e+01
2.338989408504094669e+01
2.348693957696905699e+01
2.361634500331744846e+01
2.378021481169638207e+01
2.398043320030399883e+01
2.421689118866604318e+01
2.448968496171298881e+01
2.479544683945220740e+01
2.512949840689857695e+01
2.548607784665829712e+01
2.585839813584439284e+01
2.623823466621035294e+01
2.661551880986337437e+01
2.698055662610927641e+01
2.732465108613835980e+01
2.763890631680932586e+01
2.791856863371857855e+01
2.816153431837233256e+01
2.836783445496126177e+01
2.853792144660368280e+01
2.867314804064631062e+01
2.877703384207651283e+01
2.885420524120326036e+01
2.891011932672290641e+01
2.895099152521872199e+01
2.898051521446093659e+01
2.899984302556967464e+01
2.900887088720538642e+01
2.900653480061758316e+01
2.899146625107017883e+01
2.896224661776378539e+01
2.891813094313159027e+01
2.885827175730346283e+01
2.878459359682890195e+01
2.869642802354650968e+01
2.859615416060906767e+01
2.848439949274007077e+01
2.835994366625714846e+01
2.822326389781431999e+01
2.807651824600518964e+01
2.792015871126121951e+01
2.775368291146955357e+01
2.757600356398885566e+01
2.739016345325557822e+01
2.719852606121929028e+01
2.700336000232992717e+01
2.680687297994736440e+01
2.660945990555519813e+01
2.641323796494949505e+01
2.622057106582002461e+01
2.603356611167616208e+01
2.585403123629493649e+01
2.568305916777146791e+01
2.552057369172044687e+01
2.536593639132785327e+01
2.521947352103559581e+01
2.508312428870788580e+01
2.495693667356914602e+01
2.483941152001617070e+01
2.472736691041619395e+01
2.461923347362414916e+01
2.451062039229531564e+01
2.439595837178643478e+01
2.426853739605208204e+01
2.412338074539847099e+01
2.395331095176202041e+01
2.375283765347931109e+01
2.352074124523310417e+01
2.325557141798013916e+01
2.295658978710147835e+01
2.262679627204906296e+01
2.227239295555826004e+01
2.189973457045767447e+01
2.151455634426650221e+01
2.112240953294593027e+01
2.072768026537541886e+01
2.032885219599261717e+01
1.992125133573358653e+01
1.950121604714945533e+01
1.906803958957952716e+01
1.862195655190552657e+01
1.816279180426969475e+01
1.769504136099849489e+01
1.722826321383044501e+01
1.677105776560338768e+01
