2.483464095259410254e+00
2.499973415082182182e+00
2.517276371739876950e+00
2.535264624760770857e+00
2.553650716563654388e+00
2.572207854293576013e+00
2.590767152177106514e+00
2.609245875287569127e+00
2.627617068161398173e+00
2.645793197548177655e+00
2.663541342028185710e+00
2.680762874105258042e+00
2.697304772191951638e+00
2.712993116957908235e+00
2.727655568891140359e+00
2.741089294013242306e+00
2.753121762595080124e+00
2.763610201433045699e+00
2.772421015584127790e+00
2.779438465741596698e+00
2.784651232694751677e+00
2.788164064076582349e+00
2.790160927286589931e+00
2.790902892668334800e+00
2.790742775873418680e+00
2.790078072357976779e+00
2.789370307399333448e+00
2.789096633013677717e+00
2.789721386741992770e+00
2.791285835532860471e+00
2.792679092193471213e+00
2.793777123234008730e+00
2.794707592335390789e+00
2.795539195621914441e+00
2.796305503432015893e+00
2.797055847360696124e+00
2.797882331057885974e+00
2.798938228147347829e+00
2.800370679838820820e+00
2.802280009470402344e+00
2.804745949072055211e+00
2.807845827642850622e+00
2.811625245238228210e+00
2.816104295061841789e+00
2.821312464579220247e+00
2.827273890692028946e+00
2.834040759597730830e+00
2.841694759972742013e+00
2.850245497290596397e+00
2.859254557271837971e+00
2.867576438386731486e+00
2.875188515404382361e+00
2.882220969648061182e+00
2.888755237684801802e+00
2.894847726474519156e+00
2.900519181272330105e+00
2.905787831731728499e+00
2.910664159172661414e+00
2.915127520184554566e+00
2.919056454946039381e+00
2.922191874345145379e+00
2.924656384806725296e+00
2.927389530443419652e+00
2.930558459604041488e+00
2.934133707067072105e+00
2.938094280763704269e+00
2.942408924726905184e+00
2.947045570785592705e+00
2.951960837683382799e+00
2.957120701231270576e+00
2.962511279114879770e+00
2.968107488488223478e+00
2.973885562246540104e+00
2.979825745977552121e+00
2.985895282665242068e+00
2.992056133384605854e+00
2.998287805161006236e+00
3.004577886874948423e+00
3.010904849479279832e+00
3.017247725985636730e+00
3.023589844633530088e+00
3.029882775180101184e+00
3.036315094901270939e+00
3.042745014252465907e+00
3.049098195403679767e+00
3.055300298569332718e+00
3.061300596174730160e+00
3.067106705632543839e+00
3.072787312019046535e+00
3.078438337252831669e+00
3.084161856575515781e+00
3.090068779939914023e+00
3.096267470493604623e+00
3.102857975196591678e+00
3.109922353834579045e+00
3.117517252363858127e+00
3.125650263474729407e+00
3.134272979224282718e+00
3.143281812117886709e+00
3.152596450837807929e+00
3.162138395406924207e+00
3.171844538426309423e+00
3.181810009706351750e+00
3.191751473939539618e+00
3.201296126884940474e+00
3.210049656695764586e+00
3.217620036329858824e+00
3.223616764913395105e+00
3.227662905685205974e+00
3.229396357376704163e+00
3.228569918402640848e+00
3.225007113089645827e+00
3.218564305523393898e+00
3.209148679778361046e+00
3.196808804946121185e+00
3.181723680700670798e+00
3.164189531666887767e+00
3.144588625680554639e+00
3.123378043799763581e+00
3.101063742303302728e+00
3.078125486470225436e+00
3.054981528781801625e+00
3.031927138825673662e+00
3.009158440864604600e+00
2.986791685248120665e+00
2.964936492997808148e+00
2.943679517060743933e+00
2.923077923041101478e+00
2.903159904663469071e+00
2.883953206669521485e+00
2.865476324876761183e+00
2.847734968802502209e+00
2.830781225559058534e+00
2.814703460851761374e+00
2.799574594273426698e+00
2.785496971829915847e+00
2.772562955758085756e+00
2.760834334970647674e+00
2.750365463377746345e+00
2.741132802670358082e+00
2.733092683089848762e+00
2.726162310355174867e+00
2.720264262834748870e+00
2.715307369964514717e+00
2.711163849606269771e+00
2.707716713642422945e+00
2.704888710216024172e+00
2.702639036612911383e+00
2.700923956046219487e+00
2.699691323768936169e+00
2.698896689467349841e+00
2.698509246600168776e+00
2.698508572229417091e+00
2.698833413790401092e+00
2.699396494711783667e+00
2.700106731199257926e+00
2.700872448098309953e+00
2.701621599386908823e+00
2.702352232836184420e+00
2.703121547208242603e+00
2.704022434473293934e+00
2.705151491187470114e+00
2.706604776096024345e+00
2.708457448195786377e+00
2.710795457923881546e+00
2.713715021753170031e+00
2.717313270439341455e+00
2.721661083901571576e+00
2.726777396537206855e+00
2.732660934877499059e+00
2.739348488573266405e+00
2.746905522219096341e+00
2.755393473002168747e+00
2.764850489814060452e+00
2.775268952861703387e+00
2.786568246120273873e+00
2.798560087429539767e+00
2.811041815305531433e+00
2.823786925563598782e+00
2.836524554776212348e+00
2.848981493379195040e+00
2.860864139627864233e+00
2.871979798650608817e+00
2.882178341532982913e+00
2.891315474723255896e+00
2.899421028171535131e+00
2.906673303159342581e+00
2.913239292987930273e+00
2.919290027263650167e+00
2.924865396363613090e+00
2.929873413640199598e+00
2.933944221243343531e+00
2.936582710701403531e+00
2.937308652482673921e+00
2.935808997085546324e+00
2.931814422789210894e+00
2.925211843377800935e+00
2.916177124627606698e+00
2.905234067482565408e+00
2.893064224178324206e+00
