0.000000000000000000e+00
2.512562814070351883e-02
5.025125628140703765e-02
7.537688442211054607e-02
1.005025125628140753e-01
1.256281407035176045e-01
1.507537688442210921e-01
1.758793969849246075e-01
2.010050251256281506e-01
2.261306532663316660e-01
2.512562814070352091e-01
2.763819095477387244e-01
3.015075376884421843e-01
3.266331658291457551e-01
3.517587939698492150e-01
3.768844221105527859e-01
4.020100502512563012e-01
4.271356783919597611e-01
4.522613065326633319e-01
4.773869346733667918e-01
5.025125628140704181e-01
5.276381909547738225e-01
5.527638190954774489e-01
5.778894472361808532e-01
6.030150753768843686e-01
6.281407035175878839e-01
6.532663316582915103e-01
6.783919597989950256e-01
7.035175879396984300e-01
7.286432160804019453e-01
7.537688442211055717e-01
7.788944723618090871e-01
8.040201005025126024e-01
8.291457286432160068e-01
8.542713567839195221e-01
8.793969849246231485e-01
9.045226130653266639e-01
9.296482412060301792e-01
9.547738693467335835e-01
9.798994974874373209e-01
1.005025125628140836e+00
1.030150753768844130e+00
1.055276381909547645e+00
1.080402010050251160e+00
1.105527638190954898e+00
1.130653266331658413e+00
1.155778894472361706e+00
1.180904522613065222e+00
1.206030150753768737e+00
1.231155778894472475e+00
1.256281407035175768e+00
1.281407035175879283e+00
1.306532663316583021e+00
1.331658291457286314e+00
1.356783919597990051e+00
1.381909547738693567e+00
1.407035175879396860e+00
1.432160804020100597e+00
1.457286432160803891e+00
1.482412060301507628e+00
1.507537688442211143e+00
1.532663316582914437e+00
1.557788944723618174e+00
1.582914572864321467e+00
1.608040201005025205e+00
1.633165829145728720e+00
1.658291457286432014e+00
1.683417085427135751e+00
1.708542713567839044e+00
1.733668341708542782e+00
1.758793969849246297e+00
1.783919597989949590e+00
1.809045226130653328e+00
1.834170854271356621e+00
1.859296482412060358e+00
1.884422110552763874e+00
1.909547738693467167e+00
1.934673366834170904e+00
1.959798994974874642e+00
1.984924623115577935e+00
2.010050251256281673e+00
2.035175879396984744e+00
2.060301507537688259e+00
2.085427135678392219e+00
2.110552763819095290e+00
2.135678391959799249e+00
2.160804020100502321e+00
2.185929648241206280e+00
2.211055276381909795e+00
2.236180904522612867e+00
2.261306532663316826e+00
2.286432160804019897e+00
2.311557788944723413e+00
2.336683417085427372e+00
2.361809045226130443e+00
2.386934673366834403e+00
2.412060301507537474e+00
2.437185929648241434e+00
2.462311557788944949e+00
2.487437185929648020e+00
2.512562814070351536e+00
2.537688442211055051e+00
2.562814070351758566e+00
2.587939698492462526e+00
2.613065326633166041e+00
2.638190954773869112e+00
2.663316582914572628e+00
2.688442211055276587e+00
2.713567839195980103e+00
2.738693467336683618e+00
2.763819095477387133e+00
2.788944723618090205e+00
2.814070351758793720e+00
2.839195979899497679e+00
2.864321608040201195e+00
2.889447236180904710e+00
2.914572864321607781e+00
2.939698492462311741e+00
2.964824120603015256e+00
2.989949748743718771e+00
3.015075376884422287e+00
3.040201005025125358e+00
3.065326633165828873e+00
3.090452261306532833e+00
3.115577889447236348e+00
3.140703517587939864e+00
3.165829145728642935e+00
3.190954773869346894e+00
3.216080402010050410e+00
3.241206030150753925e+00
3.266331658291457440e+00
3.291457286432160512e+00
3.316582914572864027e+00
3.341708542713567986e+00
3.366834170854271502e+00
3.391959798994975017e+00
3.417085427135678088e+00
3.442211055276382048e+00
3.467336683417085563e+00
3.492462311557789079e+00
3.517587939698492594e+00
3.542713567839195665e+00
3.567839195979899181e+00
3.592964824120603140e+00
3.618090452261306655e+00
3.643216080402010171e+00
3.668341708542713242e+00
3.693467336683417201e+00
3.718592964824120717e+00
3.743718592964824232e+00
3.768844221105527748e+00
3.793969849246231263e+00
3.819095477386934334e+00
3.844221105527638294e+00
3.869346733668341809e+00
3.894472361809045324e+00
3.919597989949749284e+00
3.944723618090452355e+00
3.969849246231155870e+00
3.994974874371859386e+00
4.020100502512563345e+00
4.045226130653266416e+00
4.070351758793969488e+00
4.095477386934673447e+00
4.120603015075376518e+00
4.145728643216080478e+00
4.170854271356784437e+00
4.195979899497487509e+00
4.221105527638190580e+00
4.246231155778894539e+00
4.271356783919598499e+00
4.296482412060301570e+00
4.321608040201004641e+00
4.346733668341708601e+00
4.371859296482412560e+00
4.396984924623115631e+00
4.422110552763819591e+00
4.447236180904522662e+00
4.472361809045225733e+00
4.497487437185929693e+00
4.522613065326633652e+00
4.547738693467336724e+00
4.572864321608039795e+00
4.597989949748743754e+00
4.623115577889446826e+00
4.648241206030150785e+00
4.673366834170854744e+00
4.698492462311557816e+00
4.723618090452260887e+00
4.748743718592964846e+00
4.773869346733668806e+00
4.798994974874371877e+00
4.824120603015074948e+00
4.849246231155778908e+00
4.874371859296482867e+00
4.899497487437185939e+00
4.924623115577889898e+00
4.949748743718592969e+00
4.974874371859296041e+00
5.000000000000000000e+00
