7.247283186370931038e-03
6.528303733161867212e-03
5.927025430360412066e-03
5.423392140078263195e-03
5.001638823121329867e-03
4.652360675302601514e-03
4.375667845607692126e-03
4.160383995055433153e-03
3.986845050814182001e-03
3.844058198737600185e-03
3.735074884944454641e-03
3.652831002528850440e-03
3.600794223383911672e-03
3.577950052646205418e-03
3.578472795640785971e-03
3.605347988717325092e-03
3.659049689068767479e-03
3.745687993553534732e-03
3.859479926399041541e-03
4.001499424712190271e-03
4.163730625776410760e-03
4.348207110211866309e-03
4.547082106296094356e-03
4.764868542874973502e-03
5.000698555136972451e-03
5.253959469662640262e-03
5.522645663202949660e-03
5.798270453596529594e-03
6.081656020854535501e-03
6.372661136298000614e-03
6.663819272558373086e-03
6.956032350563787214e-03
7.250912622261305833e-03
7.549574836226335441e-03
7.853125353440213591e-03
8.162571935406481849e-03
8.478573034652610307e-03
8.808149703985777151e-03
9.169005205086993432e-03
9.544827776289293783e-03
9.932627051056509143e-03
1.033609613222799366e-02
1.075914201589174904e-02
1.120577507129965310e-02
1.168000152809428246e-02
1.218553263203674998e-02
1.272579208258412843e-02
1.330385258350460023e-02
1.392090747918670046e-02
1.456928171523531011e-02
1.523630025914322547e-02
1.594443023878156993e-02
1.668369951068810961e-02
1.741303936611396722e-02
1.812837517271163532e-02
1.885776691565506369e-02
1.960111105080024341e-02
2.034997462755491413e-02
2.109652582559643288e-02
2.183212194772634479e-02
2.254681319206939052e-02
2.323669263878885144e-02
2.390007226424154668e-02
2.452380084199635643e-02
2.509908580897069613e-02
2.562245526978917595e-02
2.608096694580368594e-02
2.643095472888815772e-02
2.672067227490990474e-02
2.695480436761209589e-02
2.709030803766365736e-02
2.717657622042929724e-02
2.721853746660920018e-02
2.717285794124005976e-02
2.709000312292193097e-02
2.697649276313106304e-02
2.678596156300570505e-02
2.656300544801073332e-02
2.627256106756366630e-02
2.591270881298340586e-02
2.549694856998474882e-02
2.503681517925934741e-02
2.454442751211994428e-02
2.402608200875258615e-02
2.349367130609426521e-02
2.301807216527830893e-02
2.259221637901590377e-02
2.219839199633936305e-02
2.179249045289874398e-02
2.136138599564015722e-02
2.092053089387801296e-02
2.051037686178388067e-02
2.009683234628998824e-02
1.967854880993276726e-02
1.930471298140764777e-02
1.893292490835952677e-02
1.855548372019026268e-02
1.818093360176394752e-02
1.781519931956620020e-02
1.747599360969239943e-02
1.720989324350150756e-02
1.696999307650791031e-02
1.681431171505276198e-02
1.674278626035672138e-02
1.669926202484645072e-02
1.666424220498554515e-02
1.666674067699595863e-02
1.674786345628919912e-02
1.686428825748982618e-02
1.704105222225963875e-02
1.728462937007959124e-02
1.758584773353430442e-02
1.792505026208740179e-02
1.825182918318458969e-02
1.860231264223619063e-02
1.894098056924903295e-02
1.931701551429466923e-02
1.973421145812499083e-02
2.013573365505587701e-02
2.052938544076082089e-02
2.095658064087034880e-02
2.138235668821696425e-02
2.184220800543926547e-02
2.229177764664452138e-02
2.277298569781864568e-02
2.329999229036480712e-02
2.386968136090131948e-02
2.448187105361184293e-02
2.513773366853543426e-02
2.576432996280885943e-02
2.635499590113652216e-02
2.695951324468908589e-02
2.754456669696208476e-02
2.809919836670224727e-02
2.863967624830780767e-02
2.918141223642307588e-02
2.976678267794828983e-02
3.042598832887899798e-02
3.115160164782920793e-02
3.193096246024709761e-02
3.274988285078096056e-02
3.359073032728381036e-02
3.441156570883258103e-02
3.525849062244236498e-02
3.613991622774983398e-02
3.703062024740294556e-02
3.791787040737730485e-02
3.875171475700295992e-02
3.958231179301554409e-02
4.036988883517191040e-02
4.110992091220353611e-02
4.181280255311740912e-02
4.248399026844058152e-02
4.313422654050208527e-02
4.378113016962425358e-02
4.449529499613991135e-02
4.527509653088455932e-02
4.604384711399627655e-02
4.679897778946423559e-02
4.760988249133428496e-02
4.848284483569034742e-02
4.940479416959637354e-02
5.036422328111875985e-02
5.135101418948948004e-02
5.235653740698761188e-02
5.337360793684799848e-02
5.439643854120231048e-02
5.542051541074433790e-02
5.644250469857695768e-02
5.746003865816739359e-02
5.847170978864979496e-02
5.947985167473725937e-02
6.047121724780123164e-02
6.138751962164746417e-02
6.230453774422831104e-02
6.323262722479656983e-02
6.412576529428754002e-02
6.503258327760806645e-02
6.599580423436277044e-02
6.700190503111376483e-02
6.802835092132411554e-02
6.908209126664492661e-02
7.008919326949505924e-02
7.110608877904085745e-02
7.217857290825378802e-02
7.326306260114592850e-02
7.431550670497037714e-02
7.540849561053483696e-02
7.656094211579572706e-02
7.776755464076408331e-02
7.902831840691407206e-02
8.033112240586630370e-02
8.159297640932028362e-02
8.282610424134621840e-02
8.401534952082291563e-02
8.521772453881139298e-02
8.651231009497968583e-02
8.785872185830602421e-02
8.935830418830857658e-02
9.102790371413969905e-02
