8.279476665843357036e-03
7.218697868711751453e-03
6.362635531593197578e-03
5.673619805203877070e-03
5.125163940911657903e-03
4.694949516135851417e-03
4.372878959613196378e-03
4.142161254682966663e-03
3.973410274367240001e-03
3.848634150763919660e-03
3.757458030882367822e-03
3.715089152600572781e-03
3.724339331211728738e-03
3.782124631176201571e-03
3.884335093512431784e-03
4.027043444403669362e-03
4.202717465255842444e-03
4.390175710403987873e-03
4.583447908214626811e-03
4.782136626542837776e-03
4.986149686739865111e-03
5.195372220228853567e-03
5.409512590287635612e-03
5.627904551062296902e-03
5.849910797624022218e-03
6.074896644133466819e-03
6.301675928089485977e-03
6.528739331370821825e-03
6.753987903637713626e-03
6.979562286684897962e-03
7.224031016323318247e-03
7.493100519372970780e-03
7.783735764757081406e-03
8.092370252129853225e-03
8.415564028733529822e-03
8.749972833766841984e-03
9.092506089580157727e-03
9.440423522756822075e-03
9.791591525630707893e-03
1.014462478816450207e-02
1.049825441666872410e-02
1.085138988891225578e-02
1.120319390049391746e-02
1.155313479909760195e-02
1.190101978396256553e-02
1.224700270230794086e-02
1.259157006062739705e-02
1.293551966352046896e-02
1.327997696360211366e-02
1.362624289778164612e-02
1.397545027886292791e-02
1.432931128739503221e-02
1.469007458067392302e-02
1.506017583912775543e-02
1.544160000304621930e-02
1.583599760601404893e-02
1.624478835056927806e-02
1.666840766231094534e-02
1.710509281006727597e-02
1.754792377516086951e-02
1.798455288637730229e-02
1.842014204860684470e-02
1.888387243121280798e-02
1.936931272862563516e-02
1.986967036196967545e-02
2.038479710474877873e-02
2.090091496503479127e-02
2.136017753497162358e-02
2.182879865616345685e-02
2.231358937996903019e-02
2.275304952672057429e-02
2.321469222738881469e-02
2.370391404732271126e-02
2.415519436217597807e-02
2.463742666529762995e-02
2.515476959235578291e-02
2.564092623390688830e-02
2.615203144537738694e-02
2.662870736001041183e-02
2.706093218613174131e-02
2.746165207566238567e-02
2.783928225477615495e-02
2.820224195129290151e-02
2.855471555895742683e-02
2.891311628385544175e-02
2.937369857293803399e-02
2.995605942535670488e-02
3.062649984898194525e-02
3.129008575610375126e-02
3.191244915389979814e-02
3.251890205298371000e-02
3.319308148591597341e-02
3.385212337956832601e-02
3.449333973995705876e-02
3.520021825121184833e-02
3.589162841480666999e-02
3.654728741822212135e-02
3.717492125521109497e-02
3.777605988980784618e-02
3.837574713624811173e-02
3.906654013678025061e-02
3.977672680537361338e-02
4.059009097808421312e-02
4.149409538089376959e-02
4.236584977511215211e-02
4.316497167348674890e-02
4.391314782331368766e-02
4.468770133228962965e-02
4.543494490886140075e-02
4.623961990615960138e-02
4.712603092744001992e-02
4.807577865395873395e-02
4.905117499080582921e-02
4.995806119050238969e-02
5.086478401027659524e-02
5.170418496941225212e-02
5.256796278798621380e-02
5.351566243941793116e-02
5.445640078415277946e-02
5.542686046266327715e-02
5.632485555952863876e-02
5.718702534333986592e-02
5.803314732618602284e-02
5.886768660023249111e-02
5.960280476034250652e-02
6.029552780562588699e-02
6.098551265925850062e-02
6.163236704877038397e-02
6.228301782314608903e-02
6.309288342085907220e-02
6.399710566801795897e-02
6.485798713631646395e-02
6.580936577723509040e-02
6.685684942644050388e-02
6.805583844058829546e-02
6.938351258188293902e-02
7.058774544938464790e-02
7.171326793817245360e-02
7.280584806767069483e-02
7.387494882977378718e-02
7.485847310182727754e-02
7.579874898295332897e-02
7.687934382206688955e-02
7.794476475627873380e-02
7.896755560372069327e-02
7.993926422148217581e-02
8.090412590754109123e-02
8.197603427547411892e-02
8.304388329740834684e-02
8.422626421657805618e-02
8.551862970214207937e-02
8.686315170552012799e-02
8.819668307914128869e-02
8.949933565913122113e-02
9.071911450748219863e-02
9.166533611834636053e-02
9.235480535816271985e-02
9.299909218867233318e-02
9.360307893148921143e-02
9.397937414061981187e-02
9.411759163190994149e-02
9.405960834657198233e-02
9.384167499184363492e-02
9.349410917000924859e-02
9.304186334526333424e-02
9.250503473363198836e-02
9.189939729570813232e-02
9.123697019440003830e-02
9.052658820050260569e-02
8.977464154285344500e-02
8.898531307711703142e-02
8.815446302387489053e-02
8.731473392393100663e-02
8.660037079482310607e-02
8.583406685186911744e-02
8.499131111500983493e-02
8.422297891213691157e-02
8.335193005277670431e-02
8.236338118321195889e-02
8.128052423078716004e-02
8.011035580243451582e-02
7.891645473056554949e-02
7.784074228966381126e-02
7.673359317389173706e-02
7.558376291136845171e-02
7.442085510194514086e-02
7.340251458825561293e-02
7.237865750600881720e-02
7.133069670296564302e-02
7.029299950415777987e-02
6.928865747413487375e-02
6.836743172936672608e-02
6.773509299266512740e-02
6.742337206079269951e-02
6.742049986430873054e-02
6.770159097797222303e-02
6.813995391094868070e-02
6.886232666947288139e-02
6.975488130648478668e-02
7.080806115044133153e-02
