7.229816560178465266e-03
6.223032217345872072e-03
5.421065923081658938e-03
4.780190336381349124e-03
4.267453082573916499e-03
3.858738935519688204e-03
3.551386045151067473e-03
3.326670807869147335e-03
3.145526956875424000e-03
2.989405855309494771e-03
2.865404930373014088e-03
2.782588875777487758e-03
2.740837078701329615e-03
2.736622821095755810e-03
2.764985863582836503e-03
2.820772042493862198e-03
2.899522174708514446e-03
2.998220324931077495e-03
3.115977074529886412e-03
3.253839000280098984e-03
3.414673691025476004e-03
3.603199249097416377e-03
3.826116730933934104e-03
4.092214724749285160e-03
4.412369584816363058e-03
4.799216722717839813e-03
5.266292913058215515e-03
5.826496703008247555e-03
6.489406828373106735e-03
7.260906800891002086e-03
8.151556197443165022e-03
9.158627046195992258e-03
1.027055527163305004e-02
1.147244374322862852e-02
1.274736725112605648e-02
1.407733353521686305e-02
1.544403641790321677e-02
1.682933330306630310e-02
1.821553393466182266e-02
1.958655698218817950e-02
2.092737321844637122e-02
2.222439446114528663e-02
2.346575307808796557e-02
2.463983865999642628e-02
2.573760613035149664e-02
2.675041734614054534e-02
2.767024060303968983e-02
2.849113127786307223e-02
2.920784826061767481e-02
2.981027867735366876e-02
3.027968730108065651e-02
3.061387825634664939e-02
3.081320266107009931e-02
3.087913123640462568e-02
3.081865907955429543e-02
3.064358827554238690e-02
3.036715972004154843e-02
3.000552640372657065e-02
2.957817634089008815e-02
2.910761339088331623e-02
2.861875271285222941e-02
2.812574541933724956e-02
2.759258029464931733e-02
2.699861332580187970e-02
2.633912069118102967e-02
2.561690967039958328e-02
2.482469140242049913e-02
2.391982005326450875e-02
2.296699785690843251e-02
2.198046652181461988e-02
2.091983650528144237e-02
1.985144289636866372e-02
1.879031127198395670e-02
1.769686626462217693e-02
1.663811835122112892e-02
1.562894018398271190e-02
1.463130341607010547e-02
1.369980234024172593e-02
1.280223890476061589e-02
1.194334085823887774e-02
1.114392696294499302e-02
1.041985393589689099e-02
9.768799532866490401e-03
9.195416672246770062e-03
8.711778785486016391e-03
8.374393704377777400e-03
8.183991307751646918e-03
8.112222032707958400e-03
8.082479510560706612e-03
8.073463416908215756e-03
8.096170394957196911e-03
8.200892925678637466e-03
8.325767968017493831e-03
8.464238120917226549e-03
8.670657617994230459e-03
8.886548289907021322e-03
9.095726905657266353e-03
9.302203957571926474e-03
9.506884900395792815e-03
9.725434134742893741e-03
1.001451805110461363e-02
1.032015974232055461e-02
1.069702750531201056e-02
1.113995229449870825e-02
1.156432108630086469e-02
1.195227219980282349e-02
1.232513221445522174e-02
1.274948707722246832e-02
1.317160471576747822e-02
1.365125237139251484e-02
1.419918421740578446e-02
1.480626801975782822e-02
1.544722554280396690e-02
1.604890875781603971e-02
1.666683727256607073e-02
1.724933192553155387e-02
1.787331971502252939e-02
1.853116816088497265e-02
1.912744340121590517e-02
1.967696720391911777e-02
2.027236380063363735e-02
2.086055210012834754e-02
2.149333681320610839e-02
2.211493451116573056e-02
2.280729404554534753e-02
2.357759574775586744e-02
2.441226888059966696e-02
2.530926098522382275e-02
2.624374259057568951e-02
2.709982134491023195e-02
2.789261014871535424e-02
2.872653266690318105e-02
2.952147231207273917e-02
3.026151723403418606e-02
3.095716812483475383e-02
3.163574978625313672e-02
3.242100634957422595e-02
3.332425605770432397e-02
3.432645058814950273e-02
3.540962635195784441e-02
3.656261295667589256e-02
3.775074620150233734e-02
3.886491550627476504e-02
4.000922030427013498e-02
4.120967404844735199e-02
4.245804009447030902e-02
4.372113900927777908e-02
4.489325224685470489e-02
4.606888546929795852e-02
4.715442987665103419e-02
4.813801180187528284e-02
4.904533437846683025e-02
4.989753544801865670e-02
5.070932317823856339e-02
5.151559816014486537e-02
5.246365657774774982e-02
5.354489007351968810e-02
5.459323328517568658e-02
5.560239061249321740e-02
5.672063939274946814e-02
5.796010093146485714e-02
5.929166758229877793e-02
6.069019227199811545e-02
6.213436660518308757e-02
6.360661157019893708e-02
6.509281945420769544e-02
6.658213588760730772e-02
6.806677973543380500e-02
6.954179054915596292e-02
7.100436917633466682e-02
7.245369799712371439e-02
7.389658234127127745e-02
7.530695250933609752e-02
7.656463969718020623e-02
7.783064920354125504e-02
7.912183760989011105e-02
8.030799053972111079e-02
8.153878254998331299e-02
8.285187869329486976e-02
8.423396789108314464e-02
8.567973107201307115e-02
8.715007506160246664e-02
8.850824140399556061e-02
8.990717725786126491e-02
9.139148654332501787e-02
9.291766848995489103e-02
9.434323240809107392e-02
9.582173912765763746e-02
9.739090861647137221e-02
9.903723434935894632e-02
1.007591245604375352e-01
1.025287638391854661e-01
1.041858299067716653e-01
1.057329728055615287e-01
1.072136766385357598e-01
1.087051166595055102e-01
1.103970140602845429e-01
1.122059611163734039e-01
1.143209801104490969e-01
1.167930067379889802e-01
