2.690272488695484299e+01
2.711543421345299976e+01
2.752962860313573401e+01
2.809777236133527367e+01
2.878341753996357966e+01
2.955520459686920276e+01
3.038243766035486715e+01
3.123499835430698113e+01
3.207762493658719904e+01
3.288434319922589566e+01
3.371064653562132207e+01
3.457831100364023769e+01
3.547886628598894276e+01
3.639643985691225225e+01
3.731126142053346939e+01
3.819955386710830680e+01
3.903776752159194530e+01
3.980420112257115761e+01
4.047691649719365614e+01
4.103899203687763020e+01
4.147660124289336636e+01
4.178776322646262997e+01
4.197955948331241416e+01
4.206903878699336019e+01
4.208188911605827798e+01
4.204262942776881573e+01
4.198466805140083125e+01
4.193886185316364390e+01
4.193172815071397963e+01
4.194523686666047979e+01
4.186173247123599594e+01
4.166680424517153369e+01
4.137019645488976494e+01
4.097812652300649461e+01
4.049532288495277044e+01
3.992639926920162452e+01
3.927903500825891570e+01
3.856681335411349210e+01
3.780503237564266783e+01
3.700770122548362906e+01
3.618448889366527510e+01
3.534495840856322957e+01
3.449621245156924942e+01
3.364339251215881177e+01
3.279588818144793549e+01
3.196070545325227386e+01
3.114409928630323066e+01
3.035480921348505490e+01
2.959730545598239360e+01
2.885976373737480571e+01
2.810951187300554466e+01
2.735791258164994133e+01
2.661604331634043774e+01
2.589131881560388138e+01
2.519055409339307516e+01
2.451959142795311664e+01
2.388438411036338493e+01
2.329068824469248966e+01
2.274318431302214094e+01
2.224310330182288453e+01
2.178825611353249769e+01
2.138521648545895459e+01
2.104407587350209496e+01
2.075744566817081704e+01
2.051797283895325563e+01
2.032122931407457145e+01
2.016356285997716213e+01
2.004171177062374909e+01
1.995227883036704952e+01
1.989215048051545409e+01
1.985857430573014426e+01
1.984833223491443732e+01
1.985829138650154846e+01
1.988564778684605017e+01
1.992728452886797186e+01
1.998018699670387832e+01
2.004234577923523375e+01
2.011241022676466628e+01
2.018915160323757618e+01
2.027203491855971151e+01
2.036033111381755134e+01
2.044980677014916637e+01
2.054756028746697893e+01
2.064757072079618183e+01
2.074852834434847182e+01
2.084954093303781519e+01
2.094971786808110892e+01
2.104969523487449123e+01
2.115167455026647758e+01
2.125865870397410617e+01
2.137385733335969462e+01
2.150070149589765833e+01
2.164235389753889649e+01
2.180172547287315865e+01
2.198142004629238500e+01
2.218344143333354168e+01
2.240841214309341467e+01
2.265525981660380239e+01
2.292111146427077983e+01
2.320362988294368733e+01
2.350030629594505172e+01
2.380691449174480567e+01
2.412086368093298461e+01
2.443290768573717742e+01
2.473289723321852307e+01
2.500987867742355775e+01
2.525294117393650595e+01
2.545143565470289104e+01
2.559540436934378249e+01
2.567580185820736460e+01
2.568738989719349775e+01
2.562748638155210301e+01
2.549506458606964543e+01
2.529127296747435594e+01
2.502120023996900500e+01
2.469318732638151914e+01
2.431839890788427283e+01
2.390981391709789250e+01
2.348186796451005875e+01
2.304900851452589450e+01
2.262343798229397862e+01
2.221507324867081934e+01
2.183040994895929998e+01
2.147321676269024238e+01
2.114494387561165922e+01
2.084662208119493698e+01
2.057854588862926448e+01
2.034034123221692880e+01
2.013124997423739160e+01
1.995085019707482843e+01
1.979870953146735246e+01
1.967418563771303752e+01
1.957758692446458326e+01
1.950989215029119350e+01
1.947168242534758065e+01
1.946459883683434100e+01
1.949064407176177838e+01
1.955188475084847255e+01
1.965090690422104558e+01
1.978855768288079275e+01
1.996504752613856226e+01
2.017882277946438307e+01
2.042859958509649232e+01
2.071303991666644606e+01
2.102984649622646884e+01
2.137693326028875163e+01
2.175349610458164307e+01
2.216006931911238098e+01
2.259724881538170393e+01
2.306528305453127814e+01
2.356467583894232121e+01
2.409633233494020033e+01
2.466166686890204574e+01
2.526107598596382786e+01
2.589428450091264722e+01
2.656081581741148057e+01
2.726014325727226151e+01
2.799236317455347489e+01
2.876011519110858217e+01
2.956814665130957565e+01
3.042305019075701011e+01
3.133250198122755137e+01
3.230506490510566664e+01
3.334935353414209658e+01
3.447551865983814423e+01
3.569508978104641983e+01
3.702065238861013086e+01
3.846416590108196942e+01
4.003479021389171066e+01
4.174086494119194413e+01
4.359441743350851084e+01
4.561111448125700463e+01
4.780735632920948319e+01
5.019806490336975457e+01
5.279429325163755493e+01
5.560018651029054126e+01
5.860692355587821112e+01
6.179890541659733572e+01
6.515063163450577122e+01
6.862229883910640638e+01
7.216234295713832125e+01
7.570664750466494297e+01
7.919803928897727019e+01
8.258041809717497017e+01
8.579636985059323706e+01
8.882084745002975978e+01
9.166528730699428706e+01
9.435395245076892934e+01
9.692539817625288379e+01
9.940347238259391816e+01
1.017871310341179196e+02
1.040124831540044852e+02
1.059936721899885015e+02
1.076440574410783029e+02
1.089213340627404705e+02
1.098013052298649654e+02
1.102999895029679465e+02
1.105073794126710709e+02
1.106067690449156089e+02
1.108043399799610143e+02
